ROWS:
4 10
6 14
4 3
4 5 4
3 1 3 7
2 3 4 10
5 1 3 5 6
3 2 4 4 1 3
4 3 7 1 3
6 2 3 2 3
4 2 3 3 3
2 2 2 3 2 4
2 2 2 3 2 4
2 2 2 4 4
2 2 2 3 4
3 2 2 6
5 2 2 3
8 2 2 3
6 2 2 3 1
5 2 2 5
5 2 2 1 3
5 4 2 1 3
4 3 3 3 3
2 3 4 1 1 3
3 4 7 2 2
4 4 5 1 3
1 3 5 5 3
2 1 5 6 1
3 7 4 1
8 1 4
COLUMNS:
5 8
7 6 3
4 4 4 2 2
4 2 3 5 2 1
3 2 4 5 2 1
2 3 4 4 2 2
4 3 2 4 1 2
3 3 6 2 2
7 1 5 2 3
3 2 3 2 2
3 1 2 2 2 4
3 2 2 2 2 3
3 2 2 2 2 3
2 2 2 4 2
1 3 2 2 2 3
1 3 2 2 5
1 5 2 2 4
1 3 3 2 2 3
1 3 3 2 2 2
1 3 3 2 1 3
2 2 3 1 3 1
2 3 5 2 1 1
2 2 2 3 4 2
2 3 2 4 1 2 2
2 4 2 3 4 1 2
2 8 4 4 2
2 4 4 4 3
2 10 9
1 8 4 1
1 6 5
