ROWS:
7
2 2
1 3 3 2
1 2 1 2 3
1 1 2 2 2 1
1 2 2 4 1
1 2 3 1
2 4 2 1
4 2 3 1 1 1
3 2 2 2 2 1
3 1 3 1
2 1 2 3 1
2 4 3 1 2
2 3 6 2
2 6 5
2 1
2 1
2 2 2 1
2 2 3 2
2 2 2 2 1
3 1 2 2 4
4 5 5 2
5 6 6 2
2 2 1 2 1 4 1
2 4 2 2 1 2 1
3 1 2 1 2 1 2 1
2 2 2 2 2 1 4
1 2 2 2 2 2 2
3 3 1 3 1
4 4
COLUMNS:
8
2 2
1 3 2
1 2 2 2 4
1 1 2 2 3 1
3 1 1 3 2
2 1 3 2 2
1 2 4 6 3
2 10 1
4 2 7
1 8
1 3
2 3 2
1 1 3 2 1
2 3 2 3
1 5
1 2
1 10
1 11
5 3 2 2
1 10 2 7 1
2 3 4 6 3
2 2 5
2 1 2 3
1 2 1 2 4
1 2 1 1 2
2 2 1 1 3 4
2 1 6 2 4
2 2 2 2
11 5
