ROWS:
13
2 4 1 2
2 3 2 3 1
1 2 6 1
2 2 5 2
1 1 2 1 3
1 3 3 4
2 2 2 1 1 4
1 2 2 4 1 1
1 1 3 5 2
1 2 2 2 4 1 1
1 1 1 1 1 1 4
1 1 1 1 2 5
1 1 1 1 1 1 4
1 1 1 1 4 1 1
1 1 1 1 5 2
1 1 1 1 4 1 1
1 1 1 1 1 1 4
1 1 1 1 2 5
1 1 1 1 1 1 4
1 2 2 2 4 1 1
1 1 3 5 2
1 2 2 4 1 1
1 2 2 1 1 4
2 3 1 3 4
1 1 2 1 3
1 2 5 2
2 4 2 2 2
2 4 4
11 2
COLUMNS:
18
4 4
3 11 2
2 3 3 2
2 2 2 1
1 1 2 2 1 1
1 1 1 11 1 1 1
1 2 2 2 2 2 1 1
1 2 3 3 2 1
2 2 3 3 3 2
3 11 3
7 6
2 24 2
1 3 1 3 1 3 1 3 1 2 1
6 5 5 5 4
1 3 1 3 1 3 1 3 1 1 2
2 1 3 1 3 1 3 1 3 3
2 5 5 5 7
5 1 3 1 3 1 4
17
