ROWS:
2 2 1 14
2 3 1 1 2 3 2 1 1
2 6 1 2 3 2 2
6 6 3 2 2
6 15
2 3 16
2 2 18
2 2 3 5 2
1 1 2 4 3 1
2 1 2 3 1
3 3 3 3 2
2 1 2 1 2 1 3 2
2 1 1 3 3
2 1 2 3 3
2 2 4
1 3 2 1 2
2 2 2 2 1 2
4 1 1 1 2 1 1
1 3 3 2
1 4 1 1 1
1 1 5 2 1 1
5 1 1 2 2 3 2
1 2 3 3 7
3 4 5 3 4
3 11 2 3
COLUMNS:
5 3 1 1 2 2
8 1 1 4
3 1 2 1 2
3 1 2 2 1
4 1 1 1 2 2
6 1 3 3 3
3 1 2 3 5
1 2 3 2 3 2
4 8 1 5 1
1 6 1 1 3 2
7 4 2 6
1 4 1 1 1 4
7 1 2 3 3
7 1 3 1 2 2
1 3 1 1 1 2 1
7 1 1
7 1 1
8 1 2
1 16 3
19 4
14 1 1
1 4 4 2
7 3 3
1 6 7 4
2 14 5
